 3.2370000e+00 4.7979999e+00 1.1099999e-01	 2.7949998e+00 1.8019999e+00 3.2830999e+00
 3.2379999e+00 4.7974000e+00 1.0569999e-01	 2.7946000e+00 1.8040999e+00 3.2893999e+00
 3.2351999e+00 4.7941999e+00 1.0510000e-01	 2.7953000e+00 1.8039999e+00 3.2930000e+00
 3.2340000e+00 4.7893000e+00 1.0170000e-01	 2.7977998e+00 1.7997999e+00 3.2905998e+00
 3.2328999e+00 4.7932997e+00 9.3800001e-02	 2.8000998e+00 1.7997999e+00 3.2895999e+00
 3.2323999e+00 4.7943997e+00 8.9800000e-02	 2.8012998e+00 1.7997999e+00 3.2867999e+00
 3.2310998e+00 4.7950997e+00 8.4699996e-02	 2.8018999e+00 1.7988000e+00 3.2763000e+00
 3.2247999e+00 4.7968998e+00 8.1199996e-02	 2.8049998e+00 1.7952000e+00 3.2693000e+00
 3.2189999e+00 4.7943997e+00 8.2800001e-02	 2.8123000e+00 1.7903999e+00 3.2653999e+00
 3.2171998e+00 4.7930999e+00 8.1599995e-02	 2.8106000e+00 1.7839999e+00 3.2588000e+00
 3.2098000e+00 4.7957001e+00 8.1599995e-02	 2.8123999e+00 1.7781999e+00 3.2593000e+00
 3.2108998e+00 4.7936997e+00 7.8999996e-02	 2.8216000e+00 1.7738999e+00 3.2632999e+00
 3.2107000e+00 4.7967997e+00 7.7900000e-02	 2.8235998e+00 1.7736000e+00 3.2707000e+00
 3.2168000e+00 4.7976999e+00 7.9999998e-02	 2.8309000e+00 1.7759000e+00 3.2749999e+00
 3.2224998e+00 4.7981000e+00 8.8900000e-02	 2.8374999e+00 1.7751000e+00 3.2767000e+00
 3.2272999e+00 4.7986999e+00 9.1499999e-02	 2.8413000e+00 1.7747999e+00 3.2781000e+00
 3.2301998e+00 4.7950001e+00 9.7399995e-02	 2.8488998e+00 1.7749000e+00 3.2746999e+00
 3.2270000e+00 4.7932997e+00 9.8499998e-02	 2.8557000e+00 1.7686000e+00 3.2746999e+00
 3.2282000e+00 4.7894001e+00 9.7999997e-02	 2.8597000e+00 1.7651000e+00 3.2753999e+00
 3.2212999e+00 4.7820001e+00 9.9799998e-02	 2.8611999e+00 1.7625999e+00 3.2774000e+00
 3.2177999e+00 4.7768998e+00 9.5500000e-02	 2.8585000e+00 1.7621000e+00 3.2788999e+00
 3.2182000e+00 4.7729001e+00 9.6900001e-02	 2.8551998e+00 1.7641000e+00 3.2796998e+00
 3.2163999e+00 4.7704997e+00 9.9299997e-02	 2.8580999e+00 1.7691000e+00 3.2763000e+00
 3.2161000e+00 4.7725000e+00 9.8999999e-02	 2.8620000e+00 1.7737000e+00 3.2788000e+00
 3.2136998e+00 4.7768998e+00 1.0480000e-01	 2.8652999e+00 1.7746999e+00 3.2779999e+00
 3.2128000e+00 4.7782998e+00 1.0290000e-01	 2.8667998e+00 1.7709000e+00 3.2781999e+00
 3.2084000e+00 4.7771001e+00 1.0240000e-01	 2.8678999e+00 1.7682999e+00 3.2846999e+00
 3.2017000e+00 4.7793999e+00 1.0820000e-01	 2.8625000e+00 1.7714000e+00 3.2853999e+00
 3.1984999e+00 4.7817998e+00 1.0990000e-01	 2.8620000e+00 1.7751000e+00 3.2870998e+00
 3.2017000e+00 4.7858000e+00 1.1350000e-01	 2.8602998e+00 1.7724999e+00 3.2893000e+00
 3.2033999e+00 4.7879000e+00 1.1420000e-01	 2.8606000e+00 1.7707000e+00 3.2846999e+00
 3.2012000e+00 4.7872000e+00 1.1300000e-01	 2.8613000e+00 1.7722000e+00 3.2879999e+00
 3.1966999e+00 4.7830000e+00 1.1560000e-01	 2.8599999e+00 1.7701000e+00 3.2907999e+00
 3.1926999e+00 4.7806997e+00 1.1550000e-01	 2.8615000e+00 1.7704999e+00 3.2918999e+00
 3.1812000e+00 4.7823997e+00 1.2019999e-01	 2.8660998e+00 1.7782999e+00 3.2870998e+00
 3.1706998e+00 4.7823997e+00 1.2180000e-01	 2.8694999e+00 1.7814000e+00 3.2783999e+00
 3.1691999e+00 4.7821999e+00 1.2289999e-01	 2.8755000e+00 1.7800000e+00 3.2749999e+00
 3.1697998e+00 4.7783999e+00 1.2619999e-01	 2.8794999e+00 1.7840999e+00 3.2723999e+00
 3.1715999e+00 4.7735000e+00 1.2799999e-01	 2.8883998e+00 1.7819999e+00 3.2751000e+00
 3.1740000e+00 4.7743001e+00 1.3050000e-01	 2.8945999e+00 1.7783999e+00 3.2735999e+00
 3.1733999e+00 4.7726998e+00 1.2740000e-01	 2.8962998e+00 1.7772000e+00 3.2688999e+00
 3.1752000e+00 4.7719998e+00 1.1680000e-01	 2.8985000e+00 1.7766000e+00 3.2753999e+00
 3.1755998e+00 4.7729001e+00 1.1510000e-01	 2.8975000e+00 1.7781999e+00 3.2779999e+00
 3.1745999e+00 4.7767997e+00 1.1160000e-01	 2.9006999e+00 1.7799000e+00 3.2814000e+00
 3.1675000e+00 4.7835999e+00 1.0789999e-01	 2.9017000e+00 1.7852999e+00 3.2881999e+00
 3.1640000e+00 4.7936001e+00 1.0540000e-01	 2.9029999e+00 1.7908000e+00 3.2900999e+00
 3.1624000e+00 4.7962999e+00 9.8600000e-02	 2.9017999e+00 1.7923000e+00 3.2907000e+00
 3.1596000e+00 4.7988000e+00 9.3199998e-02	 2.9010999e+00 1.7964000e+00 3.2890999e+00
 3.1552999e+00 4.7964001e+00 9.0200000e-02	 2.9001000e+00 1.7977999e+00 3.2835000e+00
 3.1571999e+00 4.7876000e+00 8.3099999e-02	 2.9015999e+00 1.8040999e+00 3.2737000e+00
 3.1564000e+00 4.7859998e+00 8.6099997e-02	 2.9092000e+00 1.8090999e+00 3.2663999e+00
