 3.0376999e+00 4.7918000e+00 1.3609999e-01	 2.7854998e+00 1.8513000e+00 3.1985998e+00
 3.0386000e+00 4.7895999e+00 1.3339999e-01	 2.7874999e+00 1.8510000e+00 3.1970000e+00
 3.0367999e+00 4.7907000e+00 1.3620000e-01	 2.7921000e+00 1.8526000e+00 3.1968000e+00
 3.0318000e+00 4.7907000e+00 1.3580000e-01	 2.7937999e+00 1.8506000e+00 3.1870000e+00
 3.0311000e+00 4.7874999e+00 1.3310000e-01	 2.7902000e+00 1.8523999e+00 3.1836998e+00
 3.0323000e+00 4.7823997e+00 1.3470000e-01	 2.7867999e+00 1.8518000e+00 3.1838999e+00
 3.0288999e+00 4.7776999e+00 1.3259999e-01	 2.7812998e+00 1.8498000e+00 3.1843998e+00
 3.0298998e+00 4.7726998e+00 1.2199999e-01	 2.7839000e+00 1.8465999e+00 3.1882999e+00
 3.0263999e+00 4.7757998e+00 1.1660000e-01	 2.7825999e+00 1.8382000e+00 3.1903000e+00
 3.0221000e+00 4.7764997e+00 1.1310000e-01	 2.7788000e+00 1.8393999e+00 3.1905999e+00
 3.0186000e+00 4.7742000e+00 1.0969999e-01	 2.7693000e+00 1.8371999e+00 3.1926000e+00
 3.0207000e+00 4.7740998e+00 1.1290000e-01	 2.7632999e+00 1.8341000e+00 3.1938999e+00
 3.0230999e+00 4.7718000e+00 1.1409999e-01	 2.7584999e+00 1.8388000e+00 3.1954999e+00
 3.0274000e+00 4.7723999e+00 1.1120000e-01	 2.7535999e+00 1.8408999e+00 3.1956999e+00
 3.0304000e+00 4.7726998e+00 1.0969999e-01	 2.7554998e+00 1.8395000e+00 3.1949999e+00
 3.0311000e+00 4.7723999e+00 1.0610000e-01	 2.7560999e+00 1.8395000e+00 3.1938999e+00
 3.0282998e+00 4.7698998e+00 9.9799998e-02	 2.7542999e+00 1.8341000e+00 3.1913998e+00
 3.0244999e+00 4.7674999e+00 9.9399999e-02	 2.7560999e+00 1.8276999e+00 3.1919000e+00
 3.0233998e+00 4.7641001e+00 9.8399997e-02	 2.7554998e+00 1.8282000e+00 3.1896999e+00
 3.0218999e+00 4.7616000e+00 1.0260000e-01	 2.7547998e+00 1.8345000e+00 3.1862998e+00
 3.0249000e+00 4.7606001e+00 1.0520000e-01	 2.7495999e+00 1.8370999e+00 3.1834998e+00
 3.0279999e+00 4.7567997e+00 1.1220000e-01	 2.7451000e+00 1.8404000e+00 3.1845999e+00
 3.0369999e+00 4.7532997e+00 1.1849999e-01	 2.7375998e+00 1.8393999e+00 3.1855998e+00
 3.0441999e+00 4.7491999e+00 1.1900000e-01	 2.7379999e+00 1.8384999e+00 3.1852000e+00
 3.0491998e+00 4.7476997e+00 1.1740000e-01	 2.7319999e+00 1.8370999e+00 3.1835999e+00
 3.0537999e+00 4.7483997e+00 1.2100000e-01	 2.7287998e+00 1.8329999e+00 3.1838999e+00
 3.0579000e+00 4.7409997e+00 1.2310000e-01	 2.7317998e+00 1.8292999e+00 3.1829998e+00
 3.0590000e+00 4.7351999e+00 1.3130000e-01	 2.7351999e+00 1.8259000e+00 3.1903000e+00
 3.0688999e+00 4.7349000e+00 1.3920000e-01	 2.7449000e+00 1.8253000e+00 3.1938999e+00
 3.0742998e+00 4.7351999e+00 1.4500000e-01	 2.7488999e+00 1.8234999e+00 3.1945999e+00
 3.0685999e+00 4.7312999e+00 1.4530000e-01	 2.7519999e+00 1.8160000e+00 3.1910000e+00
 3.0685999e+00 4.7307997e+00 1.4659999e-01	 2.7523000e+00 1.8166000e+00 3.1954000e+00
 3.0642998e+00 4.7321997e+00 1.4860000e-01	 2.7519999e+00 1.8146000e+00 3.2001998e+00
 3.0590999e+00 4.7321000e+00 1.4940000e-01	 2.7519999e+00 1.8120999e+00 3.2017999e+00
 3.0588999e+00 4.7328997e+00 1.5390000e-01	 2.7605999e+00 1.8109000e+00 3.2042999e+00
 3.0569999e+00 4.7342000e+00 1.5290000e-01	 2.7647998e+00 1.8109000e+00 3.2026000e+00
 3.0541999e+00 4.7353001e+00 1.5130000e-01	 2.7691000e+00 1.8094000e+00 3.2029998e+00
 3.0532999e+00 4.7314997e+00 1.5070000e-01	 2.7697999e+00 1.8072000e+00 3.2045999e+00
 3.0544999e+00 4.7279000e+00 1.5330000e-01	 2.7688000e+00 1.8033999e+00 3.2075999e+00
 3.0555000e+00 4.7248998e+00 1.5920000e-01	 2.7696998e+00 1.8046999e+00 3.2042000e+00
 3.0602000e+00 4.7258997e+00 1.6129999e-01	 2.7653999e+00 1.8087000e+00 3.2024999e+00
 3.0635998e+00 4.7251000e+00 1.6229999e-01	 2.7612998e+00 1.8116000e+00 3.1992998e+00
 3.0581000e+00 4.7223001e+00 1.6080000e-01	 2.7602999e+00 1.8141999e+00 3.1989999e+00
 3.0562999e+00 4.7210999e+00 1.5910000e-01	 2.7607999e+00 1.8164999e+00 3.1984000e+00
 3.0532000e+00 4.7237000e+00 1.6040000e-01	 2.7579999e+00 1.8111999e+00 3.2008998e+00
 3.0483999e+00 4.7233000e+00 1.6200000e-01	 2.7598000e+00 1.8125000e+00 3.1989999e+00
 3.0477998e+00 4.7223997e+00 1.6429999e-01	 2.7567000e+00 1.8148999e+00 3.1928999e+00
 3.0490000e+00 4.7235999e+00 1.6939999e-01	 2.7509000e+00 1.8122000e+00 3.1889999e+00
 3.0530999e+00 4.7228999e+00 1.7459999e-01	 2.7419000e+00 1.8154999e+00 3.1838999e+00
 3.0560000e+00 4.7247000e+00 1.8060000e-01	 2.7317998e+00 1.8155999e+00 3.1803999e+00
 3.0618000e+00 4.7339001e+00 1.8419999e-01	 2.7238998e+00 1.8164999e+00 3.1801999e+00
