 3.1659000e+00 4.7262001e+00 1.3689999e-01	 2.7960000e+00 1.8714999e+00 3.2628999e+00
 3.1618998e+00 4.7258000e+00 1.3319999e-01	 2.7988999e+00 1.8720000e+00 3.2665999e+00
 3.1619999e+00 4.7237997e+00 1.2680000e-01	 2.7941999e+00 1.8737999e+00 3.2716000e+00
 3.1583998e+00 4.7255998e+00 1.2440000e-01	 2.7930000e+00 1.8736000e+00 3.2763000e+00
 3.1587999e+00 4.7261000e+00 1.2080000e-01	 2.7862999e+00 1.8721000e+00 3.2763999e+00
 3.1645000e+00 4.7198997e+00 1.2090000e-01	 2.7819998e+00 1.8730999e+00 3.2774000e+00
 3.1650000e+00 4.7196999e+00 1.1669999e-01	 2.7786000e+00 1.8747000e+00 3.2786999e+00
 3.1690998e+00 4.7223997e+00 1.1090000e-01	 2.7767000e+00 1.8737999e+00 3.2735000e+00
 3.1719000e+00 4.7196999e+00 1.1400000e-01	 2.7760999e+00 1.8757999e+00 3.2707999e+00
 3.1748998e+00 4.7181997e+00 1.2260000e-01	 2.7735000e+00 1.8758999e+00 3.2614000e+00
 3.1777999e+00 4.7170000e+00 1.2660000e-01	 2.7695999e+00 1.8786999e+00 3.2572000e+00
 3.1798999e+00 4.7179999e+00 1.3030000e-01	 2.7665000e+00 1.8798000e+00 3.2556000e+00
 3.1792998e+00 4.7200999e+00 1.3570000e-01	 2.7665000e+00 1.8799000e+00 3.2519000e+00
 3.1719999e+00 4.7181997e+00 1.3759999e-01	 2.7684999e+00 1.8813000e+00 3.2505000e+00
 3.1671000e+00 4.7177000e+00 1.3550000e-01	 2.7728999e+00 1.8838999e+00 3.2445998e+00
 3.1624999e+00 4.7199998e+00 1.3329999e-01	 2.7790999e+00 1.8850000e+00 3.2426999e+00
 3.1582000e+00 4.7220998e+00 1.3509999e-01	 2.7846999e+00 1.8817999e+00 3.2373998e+00
 3.1601000e+00 4.7240000e+00 1.4070000e-01	 2.7897999e+00 1.8856000e+00 3.2365999e+00
 3.1612999e+00 4.7237000e+00 1.4350000e-01	 2.7948999e+00 1.8872000e+00 3.2394998e+00
 3.1608000e+00 4.7248998e+00 1.4950000e-01	 2.8013999e+00 1.8819000e+00 3.2414000e+00
 3.1643999e+00 4.7248001e+00 1.5470000e-01	 2.8020999e+00 1.8771000e+00 3.2400000e+00
 3.1671999e+00 4.7219000e+00 1.6159999e-01	 2.8070998e+00 1.8748000e+00 3.2384000e+00
 3.1717000e+00 4.7219996e+00 1.6880000e-01	 2.8116999e+00 1.8724999e+00 3.2328000e+00
 3.1741998e+00 4.7174001e+00 1.7520000e-01	 2.8091998e+00 1.8728000e+00 3.2351999e+00
 3.1738999e+00 4.7087998e+00 1.7719999e-01	 2.8076999e+00 1.8733000e+00 3.2384999e+00
 3.1783998e+00 4.6987000e+00 1.7530000e-01	 2.8104999e+00 1.8760999e+00 3.2421999e+00
 3.1791000e+00 4.6943998e+00 1.7670000e-01	 2.8106999e+00 1.8743999e+00 3.2433999e+00
 3.1750000e+00 4.6921000e+00 1.7629999e-01	 2.8097000e+00 1.8733000e+00 3.2484000e+00
 3.1757998e+00 4.6928000e+00 1.7449999e-01	 2.8079998e+00 1.8691000e+00 3.2528000e+00
 3.1750998e+00 4.6938000e+00 1.7399999e-01	 2.8051999e+00 1.8680999e+00 3.2572000e+00
 3.1796999e+00 4.6931000e+00 1.7260000e-01	 2.8046999e+00 1.8683000e+00 3.2581999e+00
 3.1875000e+00 4.6928000e+00 1.7479999e-01	 2.8032000e+00 1.8706000e+00 3.2588000e+00
 3.1970000e+00 4.6922998e+00 1.7440000e-01	 2.8044999e+00 1.8705000e+00 3.2605000e+00
 3.2049000e+00 4.6984000e+00 1.7749999e-01	 2.8072000e+00 1.8759999e+00 3.2681000e+00
 3.2091999e+00 4.6996999e+00 1.8239999e-01	 2.8088000e+00 1.8858999e+00 3.2716000e+00
 3.2107999e+00 4.6982999e+00 1.8429999e-01	 2.8072000e+00 1.8872999e+00 3.2721999e+00
 3.2110000e+00 4.7017999e+00 1.7999999e-01	 2.8063998e+00 1.8913000e+00 3.2718999e+00
 3.2098999e+00 4.7002997e+00 1.8159999e-01	 2.8070998e+00 1.9002000e+00 3.2712998e+00
 3.2068999e+00 4.7013998e+00 1.8760000e-01	 2.8051999e+00 1.8983999e+00 3.2728000e+00
 3.2024000e+00 4.7047997e+00 1.9190000e-01	 2.8076000e+00 1.8988999e+00 3.2696998e+00
 3.1984999e+00 4.7019000e+00 1.9659999e-01	 2.8118000e+00 1.8988999e+00 3.2702999e+00
 3.1968999e+00 4.7035999e+00 1.9919999e-01	 2.8183999e+00 1.8982999e+00 3.2716999e+00
 3.1947999e+00 4.7058997e+00 1.9679999e-01	 2.8250000e+00 1.8977000e+00 3.2686999e+00
 3.1943998e+00 4.7083998e+00 1.9399999e-01	 2.8288000e+00 1.8959000e+00 3.2684000e+00
 3.1975000e+00 4.7080998e+00 1.8779999e-01	 2.8285000e+00 1.8959999e+00 3.2711999e+00
 3.1938000e+00 4.7079997e+00 1.8120000e-01	 2.8320000e+00 1.9016999e+00 3.2693000e+00
 3.1919999e+00 4.7086000e+00 1.7729999e-01	 2.8336999e+00 1.9011999e+00 3.2675998e+00
 3.1896999e+00 4.7086000e+00 1.7119999e-01	 2.8346000e+00 1.8983999e+00 3.2660000e+00
 3.1829998e+00 4.7150998e+00 1.6700000e-01	 2.8402998e+00 1.8987999e+00 3.2649000e+00
 3.1791999e+00 4.7223001e+00 1.5979999e-01	 2.8432000e+00 1.8911999e+00 3.2677000e+00
 3.1841998e+00 4.7328000e+00 1.4980000e-01	 2.8425000e+00 1.8920000e+00 3.2651999e+00
